5 15 10 10 8 10 24
16 10 15 10 9 2 20
6 4 1 6 2 9 9
5 2 1 9 8 8 1
5 3 5 5 5 5 3
7 9 2 4 9 8 6
9 8 1 3 8 8 7
7 8 2 1 8 7 2
5 7 9 8 5 5 8
0 0 1 1 0 0 1
0 0 1 0 1 0 1
1 0 1 0 0 1 0
0 0 0 1 0 0 1
0 1 1 0 0 0 0
0 0 1 0 0 0 0
0 1 0 0 0 1 1
*
6 11 27 19 1 8 11
15 9 6 19 11 13 10
5 6 9 2 9 7 6
3 1 7 4 1 2 5
9 2 8 2 6 2 3
5 8 3 8 6 8 9
2 5 5 9 4 9 3
1 1 8 5 1 5 5
4 6 5 5 8 6 2
0 0 1 0 0 0 1
0 1 1 0 1 0 0
0 1 0 1 0 1 0
0 1 1 1 0 0 0
1 0 0 1 0 0 0
0 0 1 0 0 0 1
1 0 0 0 0 1 0
*
12 19 16 4 8 2 11
3 10 20 16 9 5 9
6 2 2 2 4 1 4
3 3 7 4 6 8 9
9 8 5 2 3 7 3
7 9 8 6 7 1 5
5 7 9 2 1 9 6
3 7 1 3 1 5 2
3 1 8 8 8 8 8
0 0 0 1 0 1 0
0 1 1 0 0 0 0
1 1 0 0 0 0 1
0 0 1 0 1 1 0
0 1 0 1 0 0 0
1 0 1 0 1 0 0
0 1 0 0 0 0 1
*
13 7 27 8 3 14 20
14 19 7 21 8 14 9
7 4 7 1 3 7 2
7 1 7 8 5 5 4
2 1 7 2 8 4 4
4 4 6 2 5 9 8
8 1 7 8 2 8 1
9 5 1 6 9 9 8
2 1 6 5 6 4 6
0 1 1 0 1 0 0
1 0 1 0 0 1 0
0 1 0 1 0 0 1
1 0 0 0 0 1 1
0 1 1 0 0 0 0
0 0 0 1 0 0 1
1 1 1 0 0 0 0
*