3
12 206 394
3 16 22 7 14 10
18 9 14 9 13 9 
7 2 7 1 9 2
8 6 7 2 5 9
4 5 7 2 5 9
9 6 2 6 3 7
6 6 6 5 1 8
3 5 1 3 5 3
0 0 1 0 1 1
0 0 1 1 0 0
0 1 1 0 1 0
0 1 0 0 1 0
0 0 0 1 0 1
1 1 1 0 0 0
*
18 4 18 12 8 4
12 12 12 9 9 10
6 1 3 5 6 4
9 2 2 7 1 2
8 5 8 4 6 9
9 1 8 5 4 3
1 3 5 4 6 5
5 5 6 3 7 1
0 0 1 1 0 1
1 0 1 0 1 0
1 0 0 1 0 0
0 1 1 0 0 0
1 1 1 0 0 0
0 0 0 1 1 0
*
11 12 8 12 12 9
13 7 11 15 8 10
1 5 6 2 4 6 1 3 4 6 2 4 4 1 2 3 5 1 3 5 6
1 1 1 2 2 2 3 3 3 3 4 4 4 5 5 5 5 6 6 6 6
9 2 6 5 8 9
4 3 2 4 1 8
2 5 5 7 6 1
7 4 1 5 5 3
6 6 1 2 9 6
7 5 1 5 3 1
0 1 1 1 0 0
1 0 1 0 1 0
0 1 0 0 1 0
1 0 1 0 1 1
0 0 0 1 0 1
0 1 0 1 0 0
*